0 0 0 0 0
0 0 0 0 0
0 0 0 0 0
0 0 0 0 0
0 0 0 0 0
0 0 0 0 0
0 0 0 0 0
0 0 0 0 0
0 0 0 0 0
0 0 0 0 0
0 0 0 0 0
0 0 0 0 0
0 0 0 0 0
0 0 0 0 0
0 0 0 0 0
0 0 0 0 0
0 0 0 0 0
0 0 0 0 0
0 0 0 0 0
0 0 0 0 0
0 0 0 0 0
0 0 0 0 0
0 0 0 0 0
0 0 0 0 0
0 0 0 0 0
0 0 0 0 0
0 0 0 0 0
0 0 0 0 0
0 0 0 0 0
0 0 0 0 0
0 0 0 0 0
0 0 0 0 0
0 0 0 0 0
0 0 0 0 0
0 0 0 0 0
0 0 0 0 0
0 0 0 0 0
0 0 0 0 0
0 0 0 0 0
0 0 0 0 0
0 0 0 0 0
0 0 0 0 0
0 0 0 0 0
0 0 0 0 0
0 0 0 0 0
0 0 0 0 0
0 0 0 0 0
0 0 0 0 0
0 0 0 0 0
0 0 0 0 0
0 0 0 0 0
0 0 0 0 0
0 0 0 0 0
0 0 0 0 0
0 0 0 0 0
0 0 0 0 0
0 0 0 0 0
0 0 0 0 0
0 0 0 0 0
0 0 0 0 0
0 0 0 0 0
0 0 0 0 0
0 0 0 0 0
0 0 0 0 0
0 0 0 0 0
0 0 0 0 0
0 0 0 0 0
0 0 0 0 0
0 0 0 0 0
0 0 0 0 0
0 0 0 0 0
0 0 0 0 0
0 0 0 0 0
0 0 0 0 0
0 0 0.00026244 0 0
0 0 0.000511015 0 0
0 0 0.000548764 0 0
0 0 0.0013456 0 0
0 0 0.00150625 0 0
0 0 0.00202441 0 0
0 0 0.00351717 0 0
0 0 0.0042825 0 0
0 0 0.00509799 0 0
0 0 0.00496421 0 0
0 0 0.00522954 0 0
0 0 0.00574579 0 0
0 0 0.00594451 0 0
0 0 0.00618074 0 0
0 0 0.00677999 0 0
0 0 0.00744218 0 0
0 0 0.00754843 0 0
0 0 0.00823152 0 0
0 0 0.00847359 0 0
0 0 0.00927305 0 0
0 0 0.0104685 0 0
0 0 0.0114236 0 0
0 0 0.0116598 0 0
0 0 0.0120862 0 0
0 0 0.0130355 0 0
0 0 0.0131841 0 0
0 0 0.01367 0 0
0 0 0.0138595 0 0
0 0 0.0140056 0 0
0 0 0.0148905 0 0
0 0 0.0156904 0 0
0 0 0.0163429 0 0
0 0 0.016896 0 0
0 0 0.0174739 0 0
0 0 0.0179196 0 0
0 0 0.0186673 0 0
0 0 0.019143 0 0
0 0 0.0195427 0 0
0 0 0.0191837 0 0
0 0 0.0197623 0 0
0 0 0.0211771 0 0
0 0 0.0217345 0 0
0 0 0.0213877 0 0
0 0 0.0210348 0 0
0 0 0.022043 0 0
0 0 0.022075 0 0
0 0 0.0223401 0 0
0 0 0.0220087 0 0
0 0 0.0223055 0 0
0 0 0.0214558 0 0
0 0 0.0207869 0 0
0 0 0.0214134 0 0
0 0 0.0219639 0 0
0 0 0.0232386 0 0
0 0 0.023654 0 0
0 0 0.0245183 0 0
0 0 0.0250252 0 0
0 0 0.0254598 0 0
0 0 0.0262575 0 0
0 0 0.0263913 0 0
0 0 0.0264398 0 0
0 0 0.026906 0 0
0 0 0.0276754 0 0
0 0 0.0283367 0 0
0 0 0.0280484 0 0
0 0 0.0275648 0 0
0 0 0.0280864 0 0
0 0 0.0284909 0 0
0 0 0.0291666 0 0
0 0 0.0288567 0 0
0 0 0.0294346 0 0
0 0 0.0303834 0 0
0 0 0.0300197 0 0
0 0 0.0309569 0 0
0 0 0.0314519 0 0
0 0 0.0316815 0 0
0 0 0.0319053 0 0
0 0 0.0324793 0 0
0 0 0.0335478 0 0
0 0 0.034632 0 0
0 0 0.0346756 0 0
0 0 0.034953 0 0
0 0 0.0350135 0 0
0 0 0.0358417 0 0
0 0 0.0366639 0 0
0 0 0.0372338 0 0
0 0 0.0369186 0 0
0 0 0.0369124 0 0
0 0 0.0373295 0 0
0 0 0.0369387 0 0
0 0 0.0380604 0 0
0 0 0.038269 0 0
0 0 0.0374269 0 0
0 0 0.0380798 0 0
0 0 0.038278 0 0
0 0 0.0384626 0 0
0 0 0.0395673 0 0
0 0 0.03976 0 0
0 0 0.0403832 0 0
0 0 0.0408412 0 0
0 0 0.0416039 0 0
0 0 0.0424457 0 0
0 0 0.0427683 0 0
0 0 0.0430057 0 0
0 0 0.0433682 0 0
0 0 0.0437026 0 0
0 0 0.0436516 0 0
0 0 0.0448 0 0
0 0 0.0454736 0 0
0 0 0.0463511 0 0
0 0 0.0472252 0 0
0 0 0.047185 0 0
0 0 0.0476211 0 0
0 0 0.0475122 0 0
0 0 0.0481579 0 0
0 0 0.0488981 0 0
0 0 0.0491154 0 0
0 0 0.0498258 0 0
0 0 0.0507425 0 0
0 0 0.051333 0 0
0 0 0.0523051 0 0
0 0 0.0527947 0 0
0 0 0.0530608 0 0
0 0 0.0527741 0 0
0 0 0.052393 0 0
0 0 0.0527003 0 0
0 0 0.0529849 0 0
0 0 0.0537654 0 0
0 0 0.0545879 0 0
0 0 0.0542346 0 0
0 0 0.0532297 0 0
0 0 0.0535514 0 0
0 0 0.0534631 0 0
0 0 0.0541679 0 0
0 0 0.053921 0 0
0 0 0.0537155 0 0
0 0 0.0541092 0 0
0 0 0.0545735 0 0
0 0 0.0542122 0 0
0 0 0.0544785 0 0
0 0 0.0538746 0 0
0 0 0.0541501 0 0
0 0 0.0547231 0 0
0 0 0.0554514 0 0
0 0 0.0548547 0 0
0 0 0.0551509 0 0
0 0 0.0545393 0 0
0 0 0.054701 0 0
0 0 0.0545363 0 0
0 0 0.0560217 0 0
0 0 0.0565449 0 0
0 0 0.056773 0 0
0 0 0.0573847 0 0
0 0 0.0573869 0 0
0 0 0.0583144 0 0
0 0 0.0580509 0 0
0 0 0 0 0
0 0 0 0 0
0 0 0 0 0
0 0 0 0 0
0 0 0 0 0
0 0 0 0 0
0 0 0 0 0
0 0 0 0 0
0 0 0.000666801 0 0
0 0 0.000266812 0 0
0 0 0.00091127 0 0
0 0 0.00130933 0 0
0 0 0.0025058 0 0
0 0 0.00330533 0 0
0 0 0.00376461 0 0
0 0 0.00462282 0 0
0 0 0.00517128 0 0
0 0 0.00612522 0 0
0 0 0.00692986 0 0
0 0 0.00684845 0 0
0 0 0.00650986 0 0
0 0 0.00721699 0 0
0 0 0.00828371 0 0
0 0 0.00877236 0 0
0 0 0.00899292 0 0
0 0 0.0088972 0 0
0 0 0.00861149 0 0
0 0 0.00940517 0 0
0 0 0.0103605 0 0
0 0 0.0110234 0 0
0 0 0.0114104 0 0
0 0 0.0109679 0 0
0 0 0.0114564 0 0
0 0 0.0121911 0 0
0 0 0.012389 0 0
0 0 0.0132127 0 0
0 0 0.0133592 0 0
0 0 0.0130489 0 0
0 0 0.0137522 0 0
0 0 0.014547 0 0
0 0 0.0149831 0 0
0 0 0.0156476 0 0
0 0 0.0159817 0 0
0 0 0.0155371 0 0
0 0 0.0157175 0 0
0 0 0.0156028 0 0
0 0 0.0162909 0 0
0 0 0.0161973 0 0
0 0 0.0152299 0 0
0 0 0.0157845 0 0
0 0 0.0159796 0 0
0 0 0.0162 0 0
0 0 0.0159328 0 0
0 0 0.0168001 0 0
0 0 0.0168184 0 0
0 0 0.0175051 0 0
0 0 0.0176411 0 0
0 0 0.0183702 0 0
0 0 0.018794 0 0
0 0 0.0196748 0 0
0 0 0.0202528 0 0
0 0 0.0210075 0 0
0 0 0.0213779 0 0
0 0 0.0222288 0 0
0 0 0.02303 0 0
0 0 0.0232349 0 0
0 0 0.0234727 0 0
0 0 0.0241251 0 0
0 0 0.0239702 0 0
0 0 0.0234548 0 0
0 0 0.023476 0 0
0 0 0.0238306 0 0
0 0 0.0230973 0 0
0 0 0.0229162 0 0
0 0 0.0240681 0 0
0 0 0.0245331 0 0
0 0 0.0244606 0 0
0 0 0.0247255 0 0
0 0 0.0260147 0 0
0 0 0.0260419 0 0
0 0 0.0256534 0 0
0 0 0.0262088 0 0
0 0 0.0265079 0 0
0 0 0.0263078 0 0
0 0 0.0257948 0 0
0 0 0.0271221 0 0
0 0 0.0281905 0 0
0 0 0.0286999 0 0
0 0 0.0291862 0 0
0 0 0.029543 0 0
0 0 0.0297651 0 0
0 0 0.0284967 0 0
0 0 0.0276936 0 0
0 0 0.0284676 0 0
0 0 0.0284211 0 0
0 0 0.0290576 0 0
0 0 0.0292543 0 0
0 0 0.0297543 0 0
0 0 0.0305823 0 0
0 0 0.0306828 0 0
0 0 0.0302331 0 0
0 0 0.0309213 0 0
0 0 0.0310993 0 0
0 0 0.0301034 0 0
0 0 0.030571 0 0
0 0 0.0313942 0 0
0 0 0.0319941 0 0
0 0 0.0320183 0 0
0 0 0.0323738 0 0
0 0 0.0325056 0 0
0 0 0.0336603 0 0
0 0 0.0342351 0 0
0 0 0.0348176 0 0
0 0 0.0358156 0 0
